x[0] = 169799170.000000
x[1] = 172385826.000000
x[2] = 174632960.000000
x[3] = 176871437.000000
x[4] = 181581024.000000
x[5] = 184184264.000000
x[6] = 186770562.000000
x[7] = 183989711.000000
x[8] = 189612814.000000
x[9] = 191480630.000000
x[10] = 190747855.000000
x[11] = 192379287.000000
x[12] = 193946886.000000
x[13] = 201032714.000000
x[14] = 202768562.000000
x[15] = 204450649.000000
x[16] = 206081432.000000
x[17] = 207660929.000000
x[18] = 208494900.000000
x[19] = 210147125.000000
x[20] = 0.000000
x=2000 y=169799170.000000 somaxy = 339598340000.000000
x=2001 y=172385826.000000 somaxy = 684542377826.000000
x=2002 y=174632960.000000 somaxy = 1034157563746.000000
x=2003 y=176871437.000000 somaxy = 1388431052057.000000
x=2004 y=181581024.000000 somaxy = 1752319424153.000000
x=2005 y=184184264.000000 somaxy = 2121608873473.000000
x=2006 y=186770562.000000 somaxy = 2496270620845.000000
x=2007 y=183989711.000000 somaxy = 2865537970822.000000
x=2008 y=189612814.000000 somaxy = 3246280501334.000000
x=2009 y=191480630.000000 somaxy = 3630965087004.000000
x=2010 y=190747855.000000 somaxy = 4014368275554.000000
x=2011 y=192379287.000000 somaxy = 4401243021711.000000
x=2012 y=193946886.000000 somaxy = 4791464156343.000000
x=2013 y=201032714.000000 somaxy = 5196143009625.000000
x=2014 y=202768562.000000 somaxy = 5604518893493.000000
x=2015 y=204450649.000000 somaxy = 6016486951228.000000
x=2016 y=206081432.000000 somaxy = 6431947118140.000000
x=2017 y=207660929.000000 somaxy = 6850799211933.000000
x=2018 y=208494900.000000 somaxy = 7271541920133.000000
x=2019 y=210147125.000000 somaxy = 7695828965508.000000
Somatorio xi= 40190
Somatorio yi= 3829018737.000000
Somatorio xi*yi= 7695828965508.000000
Somatorio x^2= 80762470
Somatorio y^2= 736141420020353540.000000
Coeficiente de correlacao: 0.99 
Equacao da reta de regressao: y=2129042.75x-4085795840.00

Ano atual 2019 ano calculado 2039
A estimativa da populacao em 2039 = 225705984

